00100100000001010000000000000100
00100100000001000000000000101001
00100100000001110000000000000000
00100100000001100000000000000011
00100100000010000000000000000000
00100100000010010000000000000000
00100100000000100000000000000000
00000000100001100101000000100010
00100100000010010000000000000000
00000001000010010101100000100000
00000000101010110101100000100000
10000001011010110000000000000000
00000000111010010110000000100000
10000001100011000000000000000000
00010101011011000000000000000011
00100001001010010000000000000001
00000001001001100000100000101010
00010100001000001111111111110111
00010101001001100000000000000001
00100000010000100000000000000001
00100001000010000000000000000001
00000001010010000000100000101010
00010000001000001111111111110001
00100000000010000000000001000000
10101100000010000000000100000000
00100000000010000000000001111001
10101100000010000000000100000100
00100000000010000000000000100100
10101100000010000000000100001000
00100000000010000000000000110000
10101100000010000000000100001100
00100000000010000000000000011001
10101100000010000000000100010000
00100000000010000000000000010010
10101100000010000000000100010100
00100000000010000000000000000010
10101100000010000000000100011000
00100000000010000000000001111000
10101100000010000000000100011100
00100000000010000000000000000000
10101100000010000000000100100000
00100000000010000000000000010000
10101100000010000000000100100100
00100000000010000000000000001000
10101100000010000000000100101000
00100000000010000000000000000011
10101100000010000000000100101100
00100000000010000000000001000110
10101100000010000000000100110000
00100000000010000000000000100001
10101100000010000000000100110100
00100000000010000000000000000110
10101100000010000000000100111000
00100000000010000000000000001110
10101100000010000000000100111100
00110000010010000000000000001111
10001101000010010000000100000000
00100001001010010000000100000000
00100100000010100000000000000000
00110100000010111111111111111111
00100001010010100000000000000001
00010101010010111111111111111110
00110000010010000000000011110000
00000000000010000100000100000010
10001101000010010000000100000000
00100001001010010000001000000000
00100100000010100000000000000000
00110100000010111111111111111111
00100001010010100000000000000001
00010101010010111111111111111110
00110000010010000000111100000000
00000000000010000100001000000010
10001101000010010000000100000000
00100001001010010000010000000000
00100100000010100000000000000000
00110100000010111111111111111111
00100001010010100000000000000001
00010101010010111111111111111110
00110000010010001111000000000000
00000000000010000100001100000010
10001101000010010000000100000000
00100001001010010000100000000000
00100100000010100000000000000000
00110100000010111111111111111111
00100001010010100000000000000001
00010101010010111111111111111110
0000_10_    0000_0100_0000_0000_0000_1101_1100
