00100100000001010000000000000100
00100100000001000000000000101001
00100100000001110000000000000000
00100100000001100000000000000011
00100100000010000000000000000000
00100100000010010000000000000000
00100100000000100000000000000000
00000000100001100101000000100010
00100100000010010000000000000000
00000001000010010101100000100000
00000000101010110101100000100000
10000001011010110000000000000000
00000000111010010110000000100000
10000001100011000000000000000000
00010101011011000000000000000011
00100001001010010000000000000001
00000001001001100000100000101010
00010100001000001111111111110111
00010101001001100000000000000001
00100000010000100000000000000001
00100001000010000000000000000001
00000001010010000000100000101010
00010000001000001111111111110001
